all_sampled = [...
	0.212201 0.829851  ; ... 
	0.533701 0.766117  ; ... 
	0.546360 0.997026  ; ... 
	0.563476 0.788053  ; ... 
	0.446464 0.987630  ; ... 
	0.854559 0.134909  ; ... 
	0.337187 0.451847  ; ... 
	0.843072 0.267313  ; ... 
	0.823627 0.261320  ; ... 
	0.910442 0.889530  ; ... 
	0.267567 0.616148  ; ... 
	0.663322 0.753819  ; ... 
	0.541872 0.803776  ; ... 
	0.938685 0.551615  ; ... 
	0.848278 0.116145  ; ... 
	0.575079 0.691350  ; ... 
	0.383458 0.681562  ; ... 
	0.942881 0.151830  ; ... 
	0.096615 0.987883  ; ... 
	0.672603 0.512652  ; ... 
	0.103021 0.880062  ; ... 
	0.872938 0.766343  ; ... 
	0.633882 0.230249  ; ... 
	0.993141 0.175754  ; ... 
	0.572185 0.972710  ; ... 
	0.759184 0.420463  ; ... 
	0.679398 0.958706  ; ... 
	0.505031 0.776013  ; ... 
	0.946589 0.909458  ; ... 
	0.396331 0.679878  ; ... 
	0.704327 0.499352  ; ... 
	0.559940 0.577265  ; ... 
	0.807514 0.258837  ; ... 
	0.369576 0.841540  ; ... 
	0.466406 0.941761  ; ... 
	0.814250 0.225590  ; ... 
	0.362223 0.903104  ; ... 
	0.559853 0.474036  ; ... 
	0.375417 0.575678  ; ... 
	0.827236 0.054815  ; ... 
	0.534384 0.332267  ; ... 
	0.830828 0.480974  ; ... 
	0.241725 0.838103  ; ... 
	0.672649 0.638056  ; ... 
	0.517982 0.376976  ; ... 
	0.954242 0.403104  ; ... 
	0.271744 0.761756  ; ... 
	0.661940 0.641320  ; ... 
	0.583081 0.417545  ; ... 
	0.353936 0.945304  ; ... 
	0.320650 0.913789  ; ... 
	0.419340 0.696067  ; ... 
	0.578843 0.581710  ; ... 
	0.504825 0.820568  ; ... 
	0.458624 0.937795  ; ... 
	0.554450 0.596032  ; ... 
	0.999135 0.287462  ; ... 
	0.270448 0.661076  ; ... 
	0.928782 0.873744  ; ... 
	0.789422 0.511863  ; ... 
	0.457167 0.611938  ; ... 
	0.308005 0.546613  ; ... 
	0.570464 0.701926  ; ... 
	0.252763 0.981118  ; ... 
	0.998207 0.807213  ; ... 
	0.315905 0.576285  ; ... 
	0.301386 0.586353  ; ... 
	0.742031 0.751386  ; ... 
	0.773899 0.198788  ; ... 
	0.730217 0.344364  ; ... 
	0.900714 0.370814  ; ... 
	0.419653 0.423208  ; ... 
	0.431226 0.672416  ; ... 
	0.404326 0.429433  ; ... 
	0.479629 0.981476  ; ... 
	0.443357 0.795534  ; ... 
	0.557761 0.744744  ; ... 
	0.381887 0.795122  ; ... 
	0.974912 0.841984  ; ... 
	0.821905 0.716943  ; ... 
	0.593370 0.992045  ; ... 
	0.916141 0.956694  ; ... 
	0.219331 0.991846  ; ... 
	0.628023 0.993230  ; ... 
	0.729054 0.757246  ; ... 
	0.429662 0.918882  ; ... 
	0.589712 0.909291  ; ... 
	0.900358 0.033070  ; ... 
	0.704825 0.458119  ; ... 
	0.777814 0.086712  ; ... 
	0.253241 0.752726  ; ... 
	0.928696 0.075145  ; ... 
	0.469669 0.522066  ; ... 
	0.478759 0.286521  ; ... 
	0.279751 0.568291  ; ... 
	0.465022 0.617344  ; ... 
	0.659639 0.194076  ; ... 
	0.354356 0.804252  ; ... 
	0.093078 0.944068  ; ... 
	0.713543 0.993435  ; ... 
	0.977138 0.418368  ; ... 
	0.451554 0.754951  ; ... 
	0.505080 0.704795  ; ... 
	0.507677 0.433776  ; ... 
	0.779940 0.977346  ; ... 
	0.955841 0.847130  ; ... 
	0.363157 0.434601  ; ... 
	0.541383 0.413402  ; ... 
	0.030746 0.968745  ; ... 
	0.498904 0.923131  ; ... 
	0.341499 0.681007  ; ... 
	0.230994 0.846578  ; ... 
	0.385802 0.738671  ; ... 
	0.716017 0.236196  ; ... 
	0.670796 0.146524  ; ... 
	0.819988 0.212179  ; ... 
	0.996007 0.240778  ; ... 
	0.973902 0.205595  ; ... 
	0.476796 0.472806  ; ... 
	0.948848 0.470225  ; ... 
	0.316804 0.773060  ; ... 
	0.918513 0.597158  ; ... 
	0.938802 0.634530  ; ... 
	0.833353 0.951675  ; ... 
	0.713704 0.504150  ; ... 
	0.716329 0.658124  ; ... 
	0.662786 0.934914  ; ... 
	0.248795 0.760624  ; ... 
	0.450398 0.478199  ; ... 
	0.800687 0.579124  ; ... 
	0.184449 0.749535  ; ... 
	0.929377 0.366153  ; ... 
	0.344766 0.847890  ; ... 
	0.963311 0.283568  ; ... 
	0.482420 0.796664  ; ... 
	0.991566 0.392604  ; ... 
	0.952056 0.240362  ; ... 
	0.633916 0.935562  ; ... 
	0.632830 0.434602  ; ... 
	0.514686 0.817279  ; ... 
	0.930188 0.733750  ; ... 
	0.961405 0.893499  ; ... 
	0.690163 0.252561  ; ... 
	0.639950 0.990977  ; ... 
	0.586003 0.369768  ; ... 
	0.762371 0.960176  ; ... 
	0.817932 0.915599  ; ... 
	0.070230 0.900127  ; ... 
	0.238658 0.703060  ; ... 
	0.334729 0.753344  ; ... 
	0.520339 0.518867  ; ... 
	0.317380 0.909324  ; ... 
	0.632381 0.247568  ; ... 
	0.643074 0.593786  ; ... 
	0.912953 0.677561  ; ... 
	0.822207 0.498957  ; ... 
	0.790503 0.894458  ; ... 
	0.197554 0.795529  ; ... 
	0.956840 0.436212  ; ... 
	0.498589 0.291570  ; ... 
	0.810436 0.506936  ; ... 
	0.928252 0.442817  ; ... 
	0.754504 0.571326  ; ... 
	0.726802 0.144671  ; ... 
	0.751776 0.549009  ; ... 
	0.643628 0.799104  ; ... 
	0.379335 0.720154  ; ... 
	0.608804 0.169838  ; ... 
	0.614613 0.334103  ; ... 
	0.226552 0.812167  ; ... 
	0.248378 0.628222  ; ... 
	0.474962 0.437935  ; ... 
	0.647150 0.285398  ; ... 
	0.944870 0.575402  ; ... 
	0.728215 0.699374  ; ... 
	0.146728 0.764819  ; ... 
	0.594945 0.378446  ; ... 
	0.839033 0.321747  ; ... 
	0.523117 0.590809  ; ... 
	0.870756 0.166745  ; ... 
	0.886899 0.998717  ; ... 
	0.419929 0.501512  ; ... 
	0.332820 0.646481  ; ... 
	0.829873 0.562057  ; ... 
	0.999991 0.737825  ; ... 
	0.590233 0.944862  ; ... 
	0.644236 0.459954  ; ... 
	0.838400 0.922301  ; ... 
	0.560928 0.361517  ; ... 
	0.513110 0.431684  ; ... 
	0.528261 0.903023  ; ... 
	0.681775 0.415160  ; ... 
	0.901740 0.101705  ; ... 
	0.916672 0.234560  ; ... 
	0.748186 0.230351  ; ... 
	0.697013 0.578059  ; ... 
	0.792407 0.787688  ; ... 
	0.882894 0.792399  ; ... 
	0.525513 0.473128  ; ... 
	0.737260 0.838739  ; ... 
	0.791577 0.381496  ; ... 
	0.298694 0.874844  ; ... 
	0.797145 0.181606  ; ... 
	0.498610 0.310255  ; ... 
	0.723015 0.381463  ; ... 
	0.834279 0.605909  ; ... 
	0.079037 0.911122  ; ... 
	0.198531 0.870614  ; ... 
	0.745458 0.913296  ; ... 
	0.634318 0.542603  ; ... 
	0.852859 0.708192  ; ... 
	0.960537 0.530732  ; ... 
	0.544982 0.549592  ; ... 
	0.577322 0.267997  ; ... 
	0.931055 0.411601  ; ... 
	0.873906 0.104917  ; ... 
	0.771392 0.952944  ; ... 
	0.016039 0.969923  ; ... 
	0.823557 0.308657  ; ... 
	0.467147 0.569015  ; ... 
	0.234394 0.964477  ; ... 
	0.996028 0.211768  ; ... 
	0.428329 0.956565  ; ... 
	0.742499 0.973312  ; ... 
	0.506158 0.319821  ; ... 
	0.731422 0.115215  ; ... 
	0.542129 0.502814  ; ... 
	0.472737 0.891716  ; ... 
	0.866825 0.939884  ; ... 
	0.536828 0.430678  ; ... 
	0.669940 0.567442  ; ... 
	0.458980 0.665967  ; ... 
	0.779209 0.887310  ; ... 
	0.622532 0.521708  ; ... 
	0.860621 0.128690  ; ... 
	0.841530 0.101930  ; ... 
	0.565903 0.572952  ; ... 
	0.666200 0.548504  ; ... 
	0.488388 0.637752  ; ... 
	0.621802 0.529738  ; ... 
	0.805483 0.746930  ; ... 
	0.458111 0.475422  ; ... 
	0.314372 0.917091  ; ... 
	0.804401 0.763922  ; ... 
	0.615289 0.665022  ; ... 
	0.892612 0.456819  ; ... 
	0.766953 0.458515  ; ... 
	0.029771 0.984098  ; ... 
	0.654042 0.446424  ; ... 
	0.765771 0.142430  ; ... 
	0.672168 0.294279  ; ... 
	0.415006 0.477651  ; ... 
	0.953073 0.355581  ; ... 
	0.790208 0.094463  ; ... 
	0.449162 0.594609  ; ... 
	0.858386 0.064452  ; ... 
	0.259632 0.750998  ; ... 
	0.656580 0.280086  ; ... 
	0.726510 0.774578  ; ... 
	0.453051 0.810686  ; ... 
	0.450273 0.555944  ; ... 
	0.650407 0.950917  ; ... 
	0.835091 0.508793  ; ... 
	0.245364 0.744262  ; ... 
	0.949272 0.190899  ; ... 
	0.768055 0.236024  ; ... 
	0.791968 0.702165  ; ... 
	0.458810 0.442375  ; ... 
	0.653081 0.293902  ; ... 
	0.951168 0.668450  ; ... 
	0.680262 0.292771  ; ... 
	0.641922 0.925626  ; ... 
	0.469028 0.396502  ; ... 
	0.098667 0.844638  ; ... 
	0.703371 0.751748  ; ... 
	0.420198 0.527163  ; ... 
	0.865496 0.625288  ; ... 
	0.918058 0.679017  ; ... 
	0.471384 0.955090  ; ... 
	0.733015 0.651181  ; ... 
	0.047006 0.925599  ; ... 
	0.859725 0.646856  ; ... 
	0.879859 0.263547  ; ... 
	0.426667 0.348887  ; ... 
	0.660049 0.812494  ; ... 
	0.609883 0.758716  ; ... 
	0.657132 0.313254  ; ... 
	0.510465 0.795671  ; ... 
	0.967792 0.930663  ; ... 
	0.322834 0.833288  ; ... 
	0.555950 0.359929  ; ... 
	0.379047 0.474009  ; ... 
	0.429099 0.771961  ; ... 
	0.501612 0.476105  ; ... 
	0.697559 0.361337  ; ... 
